32 8388608 4194304 4
3990961754
4226947434
907368108
2916425381
2718554986
4226845760
2916227816
907690759
3991657380
2718851200
2135841445
3112744608
367701868
367985854
907860755
2520783577
4227473704
4226942416
367660778
2430047687
2429926795
226316421
2520830998
226342891
2430267309
2135465679
2734259971
3112561263
367060156
2429631665
367527573
3112491393
2135257153
2430105949
1166306752
1251040371
2135164966
1166171360
1857749255
2430585725
1251646407
2834326858
2189735351
2834404070
2694646935
1665558356
906826388
3836205440
3836205972
1665859312
906301211
906700190
1251012506
2694493933
2223418738
261515962
3836332062
2684161564
2008672392
4266958003
2688045013
2632085766
46388071
577834928
162509585
3835983435
2269171771
2681937825
46782095
2688415693
2682003270
684935169
3216858572
3836719263
2269361113
162003680
3216767468
2269965128
2269587425
3836492003
2683206230
684951548
3631035318
3216440300
3674161192
3842839548
3805263179
3842246999
2682387398
3216079142
3205173681
1246273214
3216716515
2649122648
1245839120
685683996
2648961104
2649017661
465748684
2915144416
466253979
3051007968
3050891523
3819016609
685674205
2010191251
2391226566
2893675294
2675016906
2675736235
2893258915
2061198046
3367661387
1654354697
2618153330
2617851674
1373268217
1633334093
2391209051
3819508625
2028999769
2617868591
2021555058
1632748023
2164282810
2390998023
2391567689
2463501547
2164936954
2029114501
1633340456
2004260702
1632688705
1657628697
1178385301
2164987022
2004278890
1657595809
2164311628
1178542668
3765425946
2029985322
1178532320
1633638177
1952019069
2165039155
2029360379
2391296930
1382851641
3596158463
3764727840
1382243978
3595807886
1111898429
1040200126
2028996336
2029386434
1633332656
3700782866
3596323821
1041021828
3284402237
3695778127
3606522309
463787744
403252754
3596444179
3696229790
959765811
402945546
1184787398
1184055730
625112329
3696138209
1183924306
3596187773
1071312874
407726259
2677951674
3696131609
751488774
1632291022
865469497
3695784117
1476488836
3153814356
1632596674
1207327132
2677662971
2920847782
595949772
1153060655
3957709771
3525421912
53587080
2921304442
3525734556
3957507275
1152840997
2009652690
3525981764
14478777
2640971698
14537887
479972457
3977514524
14409627
2425665444
479490951
3978021130
3898435482
3977358198
3977845644
3525649590
3977994243
479870488
3978088491
479821566
479509866
2640971826
73351644
3525525712
2694750066
2009223835
2009592706
3977260132
480002531
3958373892
1703743276
491132019
648421594
1703606923
3187851688
73240856
3598771149
938692579
1509947899
2309303768
1998363723
938548267
938595890
1997899329
771125920
616539059
1703825826
2589023935
1997958451
615993693
4134264540
1454390757
4134232017
782795617
2832407998
1035639446
1703454479
2309075533
406286255
2523599838
1454786595
1455011427
194095363
3676792786
1455276597
1035792064
3142480807
2309672793
1454961023
3949466732
3141674153
1035437102
3123442335
194566546
2162589776
2021309713
3123307528
2138751489
2284780362
1929279199
2730987908
2695510027
2284837997
3084199644
3293897543
1751761400
2489863688
3756264230
1491332805
3993002874
2490058561
1492099466
1813397890
474859765
2154259147
2926630660
3294086573
123776210
2154169355
1814035202
124401285
2062045022
119597999
2926779658
1458368976
619294455
120273576
1457785801
741373787
2202386253
1457984093
1109121736
1108632176
119734169
1109003871
236014239
641134495
3898985643
4083973215
1108618990
1458398148
1457842498
741915461
3555540538
461395719
1108543397
3517981969
3555161521
2389681703
1458164716
641200285
1109234285
2389017783
2741647625
318021214
2389544425
3071431639
1458438195
318662755
2741969830
2741761065
318694070
1457718333
3071885401
127770649
2059026470
385298728
3071883172
3914508721
2059362891
3915035897
2741520018
3555234052
2741608894
2389605909
2802860477
1243838187
3072311101
1008928841
2741289917
1531755013
3561873064
3914879785
1009359513
2741020843
1803511196
2803782040
3914397831
1009182767
3071381822
1008873726
2978209156
1803102074
1345487063
645312165
3716534856
29249108
1346338426
2691427862
3995216309
2690748502
2338997115
29184675
829716649
1345542906
679343912
3716982565
4197870680
242224337
195360637
195176173
1568471435
195834597
679382530
3670675144
177293736
3670205053
1568497045
1567679412
1015165781
1568436743
1444962561
399059351
195668694
142706504
842270528
178123059
3427705261
68134086
195483510
842440186
1567628940
67663492
678767622
178256432
177403932
2084071166
4095608486
178131253
4095687198
1489066516
195515092
3795751104
4251061622
666335326
3795504351
1566701913
1566868511
198754612
1327647173
1097111414
666324022
3191265655
1876182362
1864764748
1967322965
735797489
1097321499
1865133224
3928331413
2455040215
1097563993
1635379646
3188023767
3922103130
2455631745
3921760230
2608438032
3188399181
1539847914
3272264494
1539324331
1635303449
2454760593
2238235954
2455511004
2608321617
1784921662
188789777
1634878092
2608306944
1635202187
2608725606
2455265549
1539734930
2880986011
2698161181
4007084752
263045627
4007655167
2880656694
4043256457
4042788249
2811059528
4109680531
3433849635
2811018868
598918372
3433940697
262716273
3451588587
263131066
4109672888
417533406
3434050607
3971224691
417822930
598959591
3611395512
599059064
3433294181
113717720
1675217843
1050645345
1861806392
114199907
1861449599
417986468
3433084061
2841692312
1049760951
1861904869
1861974453
2904045714
4212588393
3413364312
2971329895
114139997
3413497756
3433882933
1224602113
2970722282
3413151704
59478682
2970829768
58801923
3413424704
4108682863
3169734251
1144507007
1572878399
1224423408
59156188
1144333720
2847687834
2847547716
1573846765
2821910091
1645430423
2822395209
3445592601
2821954774
3445150662
741878324
3445479711
4007000110
1573435337
1798592478
2344128958
1822207072
1573097751
4007634633
1648986902
3293887500
3391691554
2489451996
3391973624
3391554074
2445540423
1648816888
3486034103
3391663373
4007047616
3012799339
26437913
3485631999
3485495764
2445802982
3556407559
1648942601
1520201622
3310302559
3556278077
2445909208
1649176673
3555898128
2446275150
3013131540
501724281
1519524572
620208962
210215398
1649279608
209719316
2445002590
1770390283
4105883039
2255992758
3177514098
3593939858
1649297756
3516726920
3594158252
1665896019
1896404990
3178216437
1865683868
1648975590
1648909662
1648826771
210825137
179620076
3839571508
2736396390
1649393953
2638096324
180158518
1896486401
2158912927
371355905
172391276
2158429927
1895918807
2272723803
3414491426
2736449935
2736168807
172796956
3667984371
178937934
133494348
2273029857
3668239595
179278876
133722838
180244273
3668749382
2280548685
179050404
1816959634
199862068
2272995783
416270890
2811616475
199547135
2281911711
2811905963
179365092
2282208824
2811949384
747714270
1139386851
4051010491
2811864290
2099469110
3905244291
4051277214
2828650162
2099358417
3152594155
747815261
2812031388
748048996
4051128750
1943038765
4038332634
3412163618
3412699885
3760207009
3760738050
3413029018
3760698731
4038506764
3152287464
2099660119
715984947
4051587755
3152339952
2775602863
204680232
204589028
2006561131
10059656
3872617704
3152636169
510545906
3807052991
663859163
10023921
3153040766
892642785
716029376
2435030019
893209411
1571899050
2435451722
1572222350
3806634653
1381038724
892764888
2435245887
1617325807
797820375
3806566196
10100925
3806836132
797774202
797822974
1572469175
892384325
1572259994
2398010216
1879793595
3300025923
2268571215
344082476
2268628653
3575380579
3233103927
2268286453
3779401215
2223123928
3465388095
3575415135
2268323996
2268841581
1597144043
1928923621
344130730
344073024
1698288042
1928994143
4198524208
2268940814
604602643
604728075
2498853500
604498900
2881503990
1738335035
2269077752
604969511
1928719918
2568823247
344168608
2568924503
2610998846
1804130519
2567971192
444238354
1870278692
2820595229
2611223864
604111936
2136424855
2558143897
2820652589
946556844
946543747
358797406
2501241669
1595200446
2611443872
2454809975
946405057
3754173667
1595516005
2820353794
1595524449
2455296270
2298464309
2819649016
2297827205
946754375
2455505389
1594913635
3607163466
2455667741
556494730
3754036344
2270129835
3035086253
1273677843
1595365600
2162479756
4074688820
3484957953
1273866184
4074612139
3404406922
432672064
3664852758
817798091
3727942704
1907717160
1273708129
2618858213
3404369864
1908173343
4093675277
817688732
1493313866
1521801833
1681301888
1577750911
817741151
1907585972
3799192346
3713570125
4094664175
1577341775
3404414701
1577883112
3799191161
2680025140
3866132069
1577842933
1507298632
3970611459
2679534391
3866901932
2679441817
3799875515
3970123217
3645608783
2680150759
2352323536
617149557
2322814814
3799331489
1577652360
2322722975
696003690
1615952634
4043524439
4043454605
1267061177
3714496786
1374860670
38920484
682372522
1374976052
4043432307
39256647
484150094
1233292932
2012987044
682218532
39107660
4044290078
3718736501
483688829
2013017077
3718404637
2012653515
2349320820
2012983815
1117155238
4243854919
1117147603
263235572
2662090419
1481406823
2662234384
2012220115
1117353194
1595593203
1030091278
2349310304
3774007651
1254576699
1254736250
3550176286
1254875414
2114092148
3104296917
938387551
3550140529
938378041
2395755226
3593911200
826182306
2664537062
1000235118
3657976444
1000062125
3335643807
3335984918
3335548094
2664458497
1953491708
2395722097
1243001735
3657686328
1242651659
1342673067
2259376973
2665423332
1343159828
2531992766
4035374307
2664815855
2664786274
2664524487
1000290809
2664954881
413955303
414178819
4067551387
674618806
1922749786
2951570185
2224835270
2950949536
1922088867
2646951439
2224443603
674549762
4035253883
771573264
2186853484
771215790
2647051222
3275034200
3275196423
4034954134
841595809
571637730
238077031
2141293030
547265608
571636277
3178113420
1052797251
3275720272
267069092
3275119999
546589593
3839593906
3275243100
789005801
788693120
266880734
1721458902
547167163
546332035
2190718018
266504488
2191287587
546400101
3001423542
93453218
1052995996
3203338347
3203137875
1721044710
1721042652
1053593403
4193851588
344204430
1053463280
4153482299
4113852004
1962457908
4086564668
4188805837
1052962155
4189011272
1962698336
4188099679
1254365245
3991187348
1962836147
1072196277
4154216371
3706574558
1507144497
1961912123
1071824848
2920334744
4154434685
2296497080
3335920185
3130371062
2296654325
3990972540
3130298287
1072134914
2296626891
3130471102
1072630751
4163734254
1072615085
1290844094
4153683685
929869692
3903684707
1291135963
929819478
2827255764
1071839404
3130186832
824885283
2827379309
3770462193
1290841682
1572270113
47534636
655401673
1572179863
1072293034
2253797822
258152621
1572202880
258215410
3005749590
655728566
2827694221
1572478966
4037451440
391280109
2827197327
