32 16777216 4194304 4096
2444644501
2444645342
3805988725
3805988753
2491070387
1536114196
1921882163
775140550
2586126678
1256764701
2491070065
2032155943
552755910
2444644715
3953178492
1921882836
1908156414
2637056196
4198122161
1788736670
775141114
2637056842
1788736520
304638214
3164438987
3953178207
1256764748
2761500005
1729661246
2032156155
2439794751
990484528
4033595861
3035803561
2900300621
1921883046
2270922194
2473101443
1191319452
912065795
1045385955
2066189497
3035803231
1221454610
2761500100
4033596097
2091396398
2900300379
3168938623
3168938164
552755389
2610257211
3689182487
2439795203
1788736771
1915047717
1221454662
2367970192
1870566996
3991908409
2637056834
3948475111
1729661754
857233850
2994975506
1221454166
2444645094
499992223
82780732
1221453970
3866705929
792898971
4149908124
857234313
1729661912
2874177052
2610256912
3689183112
308372202
775140746
3805987880
3059198638
3164439369
2352515088
3233083592
2823717815
3805988326
1191319313
2893807317
1729661702
3233084352
304638375
82780587
1536113834
3805988464
4217868288
1908155968
3944763536
3953178080
3944763496
4198122487
3472620281
2626196330
308371847
1260389
809969141
177237495
2584840396
341255191
2690742839
82780994
3401060516
499992086
3422433534
1045385641
2444644565
1260163
3948475364
515728961
2637056763
2977967025
3193153549
2998980470
3059198773
3193154183
1090100530
3069791905
670980697
3197803320
1259915
3544929932
1124756740
137967435
2586127510
3544929819
4002716146
943615124
2698922326
1576330135
3931767310
1868982905
3401060475
4149907721
2900299877
912066412
3944763991
809969107
4049548338
2651272705
3164439028
2651272452
3126253566
1915047618
1256764713
1313555653
1313555701
2710890209
96556854
4033595857
3422433530
4049549272
3401061025
3931767524
2322751765
990485325
2874177153
3944763841
2439794815
1410670823
499992523
3952488064
943615893
2637056036
4002715929
809968815
341255519
3059198858
3130048851
4049548641
2032156557
762565356
4166908577
3787720822
993431310
2698922283
1868983186
3544929473
3544929585
3719998925
372816674
1972591626
3130048676
3130048608
3565098330
2091396540
792898777
4166908477
1908155650
3389462799
658384420
725138967
4033595888
3944763860
3069791526
2410452842
3126252758
700248232
2754159519
2091396824
2090599769
3926257312
2500144708
2610256996
2032156160
4118982193
3854481364
1124535957
2090600373
725138537
3544930052
3500029624
2586126716
2695611137
810517692
3087815210
3282035172
489792301
1870566545
3677898939
2626196281
3536610517
3086720145
341255408
3711209663
2091396368
2702000817
1285216695
552755330
3010266198
2500144781
341255893
612833022
665544625
2637056639
2294493786
658383991
4033596187
990484541
670896718
3707589354
3001521979
3944764190
3022328025
3874800817
4217869190
3035803607
3415469892
3233083433
1191318653
82780945
450617693
3788454091
4177126861
3719998994
2586126500
2948307645
3164439120
3471217409
3805987886
4177126995
3051347057
1979175652
3416585131
758209463
943615801
2012974452
3130049226
45090574
4000488010
524318218
862511782
2594598310
1106751207
2423496375
2977966275
459660653
2410452121
1979175670
1915046975
4149908291
3500029306
4211167692
2294494192
1647862996
775141217
3948474861
2090599880
3874800649
1045385867
13323187
3017449097
3472619675
2741061437
1642034977
2814975930
2908348365
1051100502
4149907623
990484579
3069791947
2586127083
2586126363
303231956
2626196287
3197803067
379339492
2823716919
7104363
2300374359
3001521795
1220521661
3087814983
1313555926
3193153780
4058415361
3123156038
2580351361
46780132
850623050
3416584359
3595539812
2580351221
758208774
2814975719
3126253160
2031098403
2706236752
2401909081
4002715665
499991969
923837043
2367969947
1642034984
4058415331
2698922552
516450305
4115074567
230464281
459661114
3707588828
1788737427
2893807118
373063680
1390603816
4090440558
2247779640
2315810425
2814975650
665543720
3168938767
1642034490
1502928594
2195773605
3567557751
1313555746
228337101
1789220129
2893807259
2908347441
1188096254
1390959817
4067353153
304638589
3816142172
4067352895
3251725024
857233489
3998390284
1133053953
3017449180
612832436
2893807190
1729661019
1197876198
3689182333
990484552
1915047530
2530190911
1531525498
3614436120
2909112142
2994975303
1124536305
3750089106
552756103
1007117726
1578871855
1045385395
1972591717
2998980054
524318580
1142569634
3337925624
2013070767
4090439971
2518067197
3910480999
4284804980
1645957133
2754158985
2694301800
3815134705
1576329526
3870388012
3389462772
2718314403
1106750737
3337925469
1420046200
2782576340
670980502
3051347894
4243681032
425011693
2690742686
3711210368
2444644804
1976938339
2367969539
775140519
3991908467
4211167604
2352515304
499992190
2741060903
1635489783
102959488
2970468204
1642034719
82780292
3036920128
3792104117
1392548573
1220521476
4270641726
3090173169
214711198
3866706742
3839389779
3146677492
3953178382
2586127961
2784848973
3552168764
898120377
4000488268
2694302669
806442044
658384176
2892334484
3787721522
2580351944
3534113520
608076149
2861073287
3671651851
1106751332
1260465
3679773569
3422433889
3721359082
2288186745
3854480680
710187626
3541699519
1070795257
1124757317
3614435888
4115157329
2444457027
379339045
2543561393
1729661927
524317947
3652562792
2637651705
2651273110
1263458862
2099183571
1983004055
3251724579
3389462541
3193153711
3415469378
2698922117
1919607179
1604307916
856703499
3719998915
2839632538
499991745
3797778435
3677899622
3813311568
3552168317
3788454217
201635327
2909111514
1133054082
2894975738
3870388024
1725645751
450617560
863567274
2013070797
4188998548
3491714089
710187482
1084480733
1137098500
2114462435
1053401055
2064746176
3565098587
2784848953
690135474
2109910841
1191318574
3707589462
3788454552
4058415634
1034485529
1476222873
762088579
1222847025
4037449046
1353146172
3112692088
3443302176
586437917
3721358352
1822456587
863567088
2661024017
2410452541
2925892909
2036054475
3500029144
2444644408
3873220673
583886069
2518066566
2908347743
4115074872
2784849705
3065208615
2047066323
524318519
2647859136
4194766517
689536862
177237901
943615636
2698922832
425011938
923836498
3416059729
2114462020
2803056167
1854401130
683965639
3086720480
1702078924
1442054922
1241028741
3877652664
808738075
2828356378
3797778949
3233083552
3885760971
271719820
2823716990
1222846516
2580351982
459661197
2248499855
827970755
1925640474
2114462676
2430755285
3943965553
1742021252
57978120
4041065148
968541724
4041064954
1645957761
612832354
3106920324
3514905871
308371999
13322529
1647862987
1936888066
658384326
993430832
1031975265
1045385696
805831617
1902159011
3022327975
2011439684
1742021525
634264316
3389462858
3287880799
3087159953
1754741076
1263458953
3543339059
2085180562
1124535357
3191925575
2439794863
809968888
4139307650
3670927393
1396733023
45090125
3910481090
4047649976
244087218
1789220570
261348276
299525007
2874176808
202837737
1915047456
373064388
2729563558
3551512840
1285216945
4113168769
2026952320
1141901013
1191318532
3274040623
3791630567
2246797105
3142452002
1593405729
1576329278
3337925475
3112692370
1674795662
1409185236
1062488190
623488602
775140834
1854658934
2114462177
4010665904
82780285
3514906230
1476222787
1106751109
2300374354
1825604721
3065208597
2047066873
588704773
1051100343
3087159726
2320212510
2595826590
3731110881
3223638531
3944704911
3750089726
2545219456
3197803486
3544929729
3346690744
137967303
516451211
2474906950
1560961696
665544447
3415470076
445067378
1201023165
1531525995
445067701
3646920514
2081398528
3069791834
1772678501
842742231
2315810067
2761500224
2855717986
1390959806
302464422
516450927
3788454500
2315810664
1154101829
1542270019
623488129
1896643912
2437838924
2111111090
2433881804
1729660954
1157840771
2148178268
1124756775
930403437
4037449131
685667198
2927657845
1896644024
2526870204
201635378
243180974
792899182
1606335111
2500144813
3998391078
3401061219
3142451444
3910481478
2109910736
1053401081
2066481269
113902913
3931767174
1571963576
1797449512
3274040683
931669235
762089165
3994491781
1782495612
246288442
3870387681
809969316
4137214354
1642034239
670896242
2694302482
2012974552
1087480422
2078390492
2594598447
2348175697
1409184940
2962030147
3320185617
2064745617
3671652030
1804423700
1442054914
299524436
3154327419
1222847014
3506089987
1220521837
1643795567
3839390303
299524490
1028017854
334708251
1197875493
3552168866
347376113
2430755577
2311206056
3233084144
2324446579
3017082937
3436790543
1084480780
3719998911
2543561068
3212183469
2086558912
2066481427
1241029250
1396733498
1948637927
2230344935
863567869
1023329552
1685092853
3346629976
2288186471
3671651775
2656901780
2247779478
1221454095
3990215885
4114389019
1593406385
3142451247
1908155660
914682874
1576329428
524317931
1502928067
2718313943
3971718082
3733583655
2695849388
3154327444
2893807043
2066189660
2332129330
3498203896
2324446527
2828355931
1137434426
3969648950
2148178748
2784849788
3154326963
1249598364
360399655
608076777
2861072821
612832829
3501601708
3537121907
1804423745
1748282458
3223638305
511821582
3257810833
3374592098
2586126953
151837775
1577618326
3762465566
1368200230
2938732546
3196166519
559217757
2439795523
3154326750
3090173711
1137097823
3512040248
3721359107
1188096261
3087814734
3889783813
3870387523
881602145
3536610921
1958058191
3251724815
1822455995
3595540402
3843340156
3677899095
4149907490
362743848
2230345114
2359064788
3703591823
1241029270
2141049414
658384597
3452698436
2247780072
1137433684
1917231732
2888077737
700249024
2765106010
1137434234
2230345424
2681608504
3168722352
4152162878
3112691986
758730889
856703172
2096214731
2437839292
3931767127
1390959714
1643796396
3472619908
304638696
841373005
1197875212
808738126
2523457083
1642507265
3247282619
689536585
1545303795
3792104349
1084481111
3910481614
360399136
841373334
2980305820
2828356389
3397323915
191884849
2754158637
3078327786
196819076
4211167969
2977966432
2066189616
3842058656
1396876136
2823717589
930404339
792899315
4066350420
1748282431
3120440000
4283096039
912066491
3170996573
3030899168
1881639748
65556253
302464732
3814151809
1442625625
2037666195
3436790171
2835656284
1123994614
2795634199
1896643597
2964442970
1642507456
242655116
3991908561
2430754942
3969649647
2706237077
1428549465
1045386812
2798926785
360399774
3788454540
816009670
3221737644
3797779386
3215256936
3883415124
243181532
1395856580
3112691814
3346690721
880514237
3552168139
3953178431
2647858781
981192679
710187107
4204577442
850623004
955862936
3193154392
3565098339
658384012
683965856
515729251
1739762365
2506137270
1106751018
1060927248
2834433344
2013416911
1706902735
1384041270
3565098624
3017448565
3696667427
3794929640
993430933
2661023809
1082106639
914682791
245880023
2293454433
3670737114
1055540149
2730612441
3866706426
691094538
