32 33554432 4194304 131072
3531037311
1042060319
3531037301
3531037288
3531037302
3531037301
1042060319
3805159069
3805159059
595854574
595854584
1042060298
3531037295
3531037310
3805159047
3531037296
3948493478
595854568
3531037297
4250884428
3948493485
3805159068
1042060289
1042060302
595854570
3948493493
3948493493
3948493498
3175111155
3175111152
4112754138
1042060307
3948493484
946464560
3175111167
1634160133
1835233377
3531037286
3805159059
1996790442
4250884432
1286522239
3805159055
2716375819
2734111926
3171918000
3449220753
1835233405
3175111137
946464565
1042060291
1835233404
2734111913
3318417810
3449220753
4239959247
2716375833
3248527316
333197350
1629491469
3175111164
2449240376
333197375
4239959239
3318417822
1835233377
2271760572
921100
2386818117
3175111160
3248527320
1403382714
956679634
643420918
3248527296
2859221332
1996790435
956679640
3088576430
717413363
369242620
3175111142
4250884416
2734111909
717413349
3926088656
3805159045
3936157539
1499238871
4080357189
643420917
1835233377
1384708553
1846951362
2800837221
3177332969
4250884443
2638521650
2734111921
2248914894
946464552
643420900
2908314340
2638521663
2019056787
287665955
874504905
630126153
3805159067
910453403
1403382702
219845435
2569369352
2160532615
1384708575
1403382701
1846951365
1846951388
2569369368
1384708561
2580809093
333197361
3554721865
1499238875
1041194431
3221864765
2928772963
1882988260
3248527315
595854563
1499238864
2638521649
956679630
1814925147
4226303239
1218811381
4239959233
2873980444
2083450589
946464557
3589148675
2908314346
2828952846
1099476472
2145504365
1846951364
3194894802
1218811386
2160532631
1882988275
3201105186
1099476456
3257904112
3531037305
2436743820
1745333560
2070288136
2248914882
2436743818
2525067135
713614584
3141419335
1745333538
2828952848
1846951374
630126147
1218811377
595854581
3108502316
595854577
2675151045
2675151045
4226303262
4112754130
643420896
2070288147
621478852
409655485
747847107
4008247102
2716375820
3926088641
3108502332
1218811390
1041194430
1814925138
3753941965
2449240360
1636579053
946464562
1533173458
889409173
3171917987
1577744166
2083450573
4073524948
713614583
643420920
3141419328
3948493480
409655487
2436743818
4226303251
428965735
2637940525
2160532613
2271760569
3875981845
1773039069
3926088668
1814925144
4013259081
1745333566
956679635
3028162344
2525067128
3316501184
333197368
2761918206
2566398972
2436743837
2908314360
1773039063
2928772976
369242601
3589148701
661130928
4250884440
3948493497
424809355
630160394
2777573533
369242619
1544157809
4205220051
3160841243
3809930032
2807708879
747847108
744025772
2964778452
3554721872
333197363
1265283745
4226303258
2019056772
594965863
3936157541
2800837236
1835233376
2160532637
337179804
910453388
2386818117
1814925146
4146187955
643420916
4146187949
630126169
2302485957
1709237149
4136783602
1029440317
289648245
2474540921
3948493487
1463670695
2881564840
3257904113
3669623518
2852164928
3805647621
3531037300
50699091
3804336029
3177332962
2999360069
946464565
3669623518
428965751
4208083877
3521808702
1401158118
2300883366
2614596946
3177332987
423416079
348659746
906780215
424809354
1463670707
1709237126
525007993
956679621
2852164938
630126158
2873980445
3599270796
3875981826
2881564847
396617978
4259277581
3875981854
2400601951
3936157539
4164254125
2532858278
1029440300
333197372
3318417795
2873980437
3318417819
771594296
4226017671
3007145216
3813362222
1577744165
1152923397
452931557
3028162355
1796601786
2155359456
2474540915
2035845008
2201522107
1723742339
3449220757
4268901361
2928772960
2201522100
3177332971
1882988270
2146996026
423416067
1967143502
1846951370
643420903
1042060288
3160841223
2873980436
1680218687
866186608
202645759
4268901358
1846951365
424809345
983972504
713614570
4013259100
1773039058
1544157793
3108502327
4205220063
3257904116
2452861595
810844592
2646947091
3088576447
1967143504
3910796764
2302485952
2070288159
2044568990
1445813559
2047721456
2259432980
1042060315
3875981833
2566398963
2146996010
2248914888
956679623
1272521724
1116873411
219845419
4112579853
3160841234
4073524958
3704220868
307382723
2283824941
4250884447
869368646
711772112
3175111157
3141419358
203020293
4205220044
4136783584
3249688056
4112579849
3318417812
722577897
68336097
1745333558
3805159040
3007145247
1133394710
2637940514
3768094362
2155359479
3463008452
1990460193
661130936
2279191504
2449240373
711772111
717413364
3320256311
1634160129
729805832
3926088670
2447733112
3437122948
2761918204
2634100476
194416297
3669623503
3318417798
201061493
2407644317
2083450590
866186622
2449240380
910453382
1636579063
796867230
332051688
4226303239
1535146566
2928772963
1418082497
1445813560
3646381103
2566398966
630160394
4268901371
4080357201
1126945858
2800837238
2992657455
1403382705
1116873419
2828952852
1429296110
2449240361
320679177
4112579846
3194894790
3171917998
3940853143
3669623505
1870386746
4215082803
3704220870
1333338904
1204253549
3145200080
442301094
219845437
3658433238
1990460217
1796601767
307382734
2881564853
2525067113
2761918199
802805339
3249688039
771594274
383582632
4136783606
194416309
68336103
2259697221
3210091634
643420898
207893789
3953027544
383582640
2852164944
1803693809
3141419353
351139658
2201522081
2881341950
2340157621
107170802
3900987385
3900987387
1382766725
1041194404
3808715939
956679646
3318417812
4226017674
3793066961
1380895116
2145504370
3910796744
3171918013
4226017676
2761918184
2859221332
369857357
810844589
3088576430
4112579860
3278818825
2646947087
1575031703
4275460438
771594273
2201811386
3440288902
30960655
1610951410
1634160154
3828417164
803219088
1083335342
2302485962
3291883114
1428313100
333197357
337121701
799169162
348659772
3948493497
2566398966
3437122973
3672686932
2474540915
2436743832
2726660693
332051706
107170811
68336109
3028162338
2846095065
3616104499
23933840
3805159054
287665974
1248138827
3601599416
4259277598
2484778333
4268901373
369242597
1773039060
2153845175
3838495829
902663852
1723742348
3291883130
2562421557
3177332987
3636123243
3371437017
1132209690
2800837233
2638521653
3006870017
2143562323
1397838250
320679189
202645736
3008889707
3201105213
1334344164
3248527301
1355931171
3316501204
388690525
4238008105
2498371901
307382724
2584263699
3005762359
3449220746
2043746512
3781852679
513521065
3295488305
3605304009
1428313114
1029440306
1944218083
2483288477
3734850553
2800431718
3810634605
1621833759
2821226445
3803388321
1577744168
1539388226
4179210208
2108083651
4087417221
1944218086
595854590
1392319108
1912807269
332051692
4263068266
2093745499
1467640887
1576101516
2290316734
2087534756
269467658
3793066948
889409168
219845439
1463670690
4043333816
2156354819
3437122950
2519683615
4205220054
717413373
2642854401
1809890783
4215082805
3325163112
3243765276
1333338905
1590179737
1272521714
3805159064
3695919939
1248138825
1476616626
3606637772
921116
1397838256
3760255571
121587263
1747744270
1821983715
1780528588
744025789
2637940515
4132563376
1288978109
223276384
869368647
332051704
391735625
2668332124
68336100
921094
123314836
388690521
2143562311
3805647623
396617971
3273887398
663354404
1401158137
1380895106
3616263286
2483288471
2118316328
409655486
3883018069
2093745495
1726935878
2959710574
788384396
121587261
1089303567
144015746
1204253539
610417806
4032516461
4145689836
120239464
594965857
2586550617
3190115454
1379585324
3145200089
2361703379
3614088119
743127900
3940326668
2832308289
2201522099
3273887414
1403382691
3424965666
717413368
3938123225
3116561308
2302801231
203327229
1395807389
428885495
2256824231
2256824232
1963420444
2525067118
985349402
414402907
2717799552
2777573527
3611208124
902663855
2407644301
3187982772
2761918203
2452861579
3209349430
4146187944
525007968
2145504364
3695596227
889409158
3320256300
3210091635
1773039053
2108083667
2160532612
3571899786
2498979336
4179210214
1011777214
3717026541
3734850539
2302485957
1135048634
2742628687
3961113727
529695110
4032516468
3108502319
4102195160
1996874346
1188848767
3209349427
194416305
2495558768
1131882373
646739806
3201105188
520262622
3760499638
3175111136
3948493491
4175963079
869368670
4132563381
2992657455
2302801240
3900987378
1809034103
3403675101
808642072
749057867
4004469404
4226017667
1204253536
2156354819
422187352
348659747
744025790
956679622
4238008119
1947375423
3475336108
3529582693
4117231555
1777885313
3257904125
594965881
3052645841
3778366975
3953027542
1467902270
332051708
31118694
3356411341
3554721878
2846095068
1199049028
3128531115
2970309421
452931562
2510679168
2582900062
2881341946
1476616638
1590179725
2774867005
356515199
3768094360
3828417172
3616104487
1418082503
1428313090
3689849217
3968201816
2915138760
3141419358
4143057848
2043746511
3295488317
1990460221
2525067133
3616263294
3163027859
3810634623
3302264103
2125842032
2267551760
802805314
921107
2810466485
3717026532
2204781454
3233214715
3295488288
167411158
411132104
1590179730
3249688046
3554721875
209973635
1870386737
374484996
1333338881
2245425492
68336116
3968201804
3385981414
4004469377
1990460192
945634021
3248527296
3689849227
2436743833
2880789099
411132125
1658109431
2284022588
2005618542
2345348689
869368645
743127885
3335470098
1199049036
3631501656
2777573518
1248138830
3609653659
3358103008
4212174183
2283951663
2525067126
4239959261
261642228
3116561291
720368828
1013088322
1578699599
3940326675
1897628323
802805338
2326951475
2881564840
428885497
3281359157
351139655
3689849244
3753941956
1426842464
826894038
2720895492
664752272
3475336125
1096250574
4233436560
3175111145
1254588873
2384146692
3142651530
1846951364
2589264065
1135048626
980821464
3007145222
945634028
3177332968
788384390
4032516464
35785216
2386818134
2729652271
4207911609
597014456
4004032175
3291883120
1131882384
1286522220
4102492048
2155359479
3128531123
3927091772
3318417822
921107
1288978094
2345348693
2800431712
2492927691
4169033668
2259432970
712079635
1007455674
3008889710
2019056785
713487454
1819083259
1745333557
152194651
2560227035
3717026541
2248914892
2821226435
1013088349
2430138141
3926088658
3058211286
947889876
2283824953
145134669
659839224
3964634658
463295224
2642854416
4176620937
2363666089
2378117531
2644344376
2788851614
269467679
875961617
173913439
3007145233
2958021644
1380162281
25144247
1730768411
4057124741
4208083903
3451809691
3521808673
3358103025
3088576440
1746001901
3611208106
765150619
1833551239
2873980429
1333706464
2584263707
1544939594
2498979352
2443270467
2810466469
3745139146
2035845011
1306137994
1412451318
3521808676
2807708877
2345532260
2340157625
3964634671
2716375822
3611208104
659839204
3810593382
3636123247
428965744
3163027856
2852113552
4279881837
1499238854
3006870034
2632143296
2647104789
3778366948
173913437
3644785841
3695919955
511213557
3529582698
