64 268435456 4096 4
4422616311269224086
17224844382012564683
4285362743130298584
4285362743130298521
8234871324068500003
17224844382012565354
8234871324068500253
6392212109905030014
17224844382012565084
17224844382012564504
8234871324068500078
4422616311269224319
6392212109905029601
6392212109905029211
8234871324068500143
10269029467930188975
8234871324068500461
4285362743130299176
10269029467930189651
7703378531481501766
4285362743130298979
4285362743130299246
5324079088057289533
4422616311269223746
6462870160597735949
8234871324068500340
7703378531481502403
7703378531481502076
7703378531481502574
4998395889291447881
10634233716770721680
6392212109905029844
10035410144592059335
11720627110419045861
17876014947797057901
6392212109905029687
5371299945855680561
1483934298656956864
17224844382012564599
10269029467930189238
15695624176318167632
15695624176318167252
11720627110419046379
10035410144592058679
5467553084234154419
6056167397510512343
3087286982277637248
3087286982277637889
5467553084234154649
178579358037783719
4280878552325084378
3087286982277637823
17224844382012565140
11720627110419046223
7368065824399570714
5467553084234154399
14488025240592091538
10269029467930189438
3087286982277638024
15695624176318167770
8445292733457254574
10920658219518315147
4816710772639013153
15236390951618303761
13445211466951803703
14402230198181052084
13546073260230593541
4155723623427762211
15958904543661650620
937828426561727937
7703378531481502270
7703378531481502682
9211638818025650375
7243473914516305677
10269029467930189436
6392212109905029363
17876014947797057664
2280540724120317829
5324079088057289404
13412494860573733288
9532908211147047535
10342468525869853410
14488025240592092128
8522251948534838619
4816710772639012941
11430906316491541706
8234871324068499705
8445292733457255073
8445292733457255310
4816710772639013395
11492079678672785391
7368065824399570843
8764427381261820381
12280880382361669265
10035410144592058719
17876014947797058414
6167313744222920277
4775265922951249246
6788126335722818872
178579358037783767
6493791529312292350
12280880382361669104
6008116808086377976
4816710772639012932
8445292733457255046
9211638818025650596
10446011794750189972
6040963888579474921
4422616311269223853
2929727099394415157
6788126335722819397
7243473914516305752
10269029467930188878
10850296243094920431
17618441132974682410
14488025240592092110
6167313744222920575
15236390951618303905
4816710772639013800
178579358037783647
7008179064168247851
4285362743130298856
9532908211147047818
17876014947797058403
215133241872428789
5467553084234154216
4998395889291447894
2929727099394415452
310151962358902081
10035410144592058611
11309004552680556064
2802208497180784261
17876014947797057958
4285362743130298730
11492079678672784939
3569877316524301313
6008116808086378018
215133241872428791
215133241872428050
4868490160571683497
6167313744222920268
10850296243094921197
14167583237796127922
10269029467930189234
998139481442365670
1489170102033704232
16559850141121331540
5140163061626648577
17618441132974682759
4422616311269224335
3693052037506593458
4998395889291448128
13412494860573732897
3087286982277637313
9532908211147047246
15958904543661650256
15825430577830746810
10035410144592059310
1657754054562893120
17618441132974682604
17674200663420400945
8764427381261819993
16808337973743809864
14402230198181051439
3723458773742324696
937828426561727681
3656050525218831535
3348645588343573236
15610365771960825067
11509593037021765141
17674200663420401122
6462870160597736372
6953818578185563279
5804968724640811470
6800619778990055778
15958904543661650780
7671796300387165205
2575012005122833629
2575012005122834318
15610365771960825077
4422616311269224131
16001929053228893444
5790122270819013330
4280878552325084282
17674200663420401610
7703378531481502140
7883779406201063904
5305006188211011725
2929727099394414781
4313513902567755390
10580756125551239922
2831131686063199344
14786488967333914263
18427270863210689128
16001929053228893210
3656050525218831984
5528419668546479615
3656050525218831728
15393636122492657428
441284465360511568
868963689899575925
178579358037783749
4422616311269223606
10821678489110428056
17757344189209521633
14921968835778187295
4931054321205457786
117089186266716584
3855410608014865390
13505652196574973408
2930323505759627715
9329424838494514777
7053897136968018879
16625555203745648211
6493791529312291893
5500670004707600646
10299139278333366145
10342468525869852789
4317722520384558063
13695325460708443644
16057725515193169879
12280880382361669415
922312694629186959
9988935178238625753
15695624176318168017
7716104575828942437
1828347895333985642
16877382816984470787
10604488947410282961
2280540724120317652
5140163061626649420
3547706003970349862
12841826900081305705
868963689899575314
17088015603541828417
696992770111195865
2802208497180784390
1742844451996944707
15958904543661650885
3569877316524301459
10580756125551239274
3300950267642968453
8112014738551811276
15610365771960825671
12845003613393267015
17677911340988599854
13089438139540126388
8952673477769475673
3855410608014865021
17086011259192035123
10441444098630762468
1805007422948524457
3348645588343573212
13445211466951803900
6808770200873159584
2930323505759627398
9988935178238624827
2128923246232312036
1435566647746692621
8332598293201142102
17262388298236431697
18291062584586228300
5140163061626649133
10634233716770721660
2785053144111913673
17224844382012564946
879624111892023431
4155723623427762748
5024644180484837208
13505652196574973115
4313513902567755565
2929727099394414852
6368660771051325317
18064656845649882440
10760082487501107714
11335576593207611053
5284916194594908878
14696824566614259177
17262388298236432223
11035338122378404064
10113955658740250969
17086011259192034865
4280878552325084973
1435566647746692363
2803289666773085459
14921968835778187508
2218508709405702709
9360749357971382983
2049892065391000523
7454056304849191366
922312694629186664
18085201060581832718
117089186266716643
16995302766385043873
7716104575828942818
7703378531481502664
16068229190722048113
7033819846335704516
7324010978896433841
9532908211147047496
15560007462795625863
16483190485266945345
6281778895401013243
5305006188211012204
5371299945855681172
7703378531481501863
7716104575828942315
2831131686063199373
4280878552325084461
13695325460708443883
11671114061479870830
8573701553774233315
13137756413038198447
1817245867801859850
934681647250031657
6678923925634840093
7652525741280611506
5835315270098701341
16925083087290627661
11720627110419045408
3693052037506592918
6517934073324428398
5697778235249672070
707798822503330492
115854879627861892
868963689899575377
159806009956696618
12654207358136210428
17757344189209521417
12213113065920680925
15828676779020657042
17363714889374528482
12534223164027967848
6462870160597736357
17618441132974682333
136401723160396551
5156464125303802323
12095467293142893202
15958904543661650924
17245356415487567026
12830499360095203860
18427270863210689226
819125266307484566
14420483768446932952
4816710772639013396
11309004552680556424
5371299945855680929
2802208497180784329
10634233716770721022
7883779406201064229
11597299923301627437
1742844451996944576
11688439679967496211
13313135338704370160
4111782302792342691
10850296243094921057
11308078179901293344
7243473914516305252
5222375933595651091
5932172062965535475
10446011794750190117
16995302766385043680
5258383484053236181
16995302766385044386
12454470754841821865
17262388298236431899
4111782302792342694
4285362743130299293
4997923918691593799
937828426561728407
10991539035098832942
998139481442365555
10725376389590074855
12841826900081305832
4496682602609666360
5467553084234154610
723884430551950431
159806009956696736
4350180641682379679
10226031670311468852
15374111306754801119
12534223164027967944
723884430551951033
14895755813151726643
12107613051461895258
9689257996088346674
15393636122492657465
2376554188592778381
6462870160597736156
15024356301279715191
117089186266716370
9704268661625934167
1569817192738500006
14144933378192264066
9704268661625934013
819125266307484369
11597299923301627591
17084289904284404702
1374959711519149991
15353889360480744091
159806009956696120
17677911340988600156
3315474116528381887
12213113065920680744
15837752382968511136
2026699180914499175
10859451354364086302
2275987738553932588
764295392481238513
13825309036073705814
12371546988743010422
16877382816984471232
11759324167299077332
15135511496180419583
7236508798927097960
6276154293459256437
10604488947410282886
1569817192738499858
8764427381261820202
2035515319129498840
2631100927416761009
3005875771031306168
15353889360480744273
4280878552325084850
4155723623427763153
7883779406201063882
2376554188592778999
6167313744222920042
937828426561728441
16995302766385044100
17215099677142667075
884420049484785911
10944345976701767005
2629055770552535864
7042317667394160328
9817540548907323924
6008116808086377528
3891580179677411206
3750923310654949670
733828270646519028
3003646397740872870
2802208497180784539
4868490160571682981
6517934073324429119
17245356415487567608
6437488474373896513
15535729073782108635
8332598293201141944
10771498468910700980
764295392481239032
10073204604088374186
10446011794750190139
4658158603226673052
13546073260230594109
7463471904845004155
11073536661669279163
7982882819461461867
15353889360480744188
5324079088057289321
13445211466951803090
2128923246232312690
10777869667146618666
4313513902567755176
13175347505067572139
15535729073782108928
10694665485141864739
8952673477769475816
11018008400950582825
3656050525218831661
15803576860669460774
3315474116528381361
14346983632454511584
6167313744222919752
1774589639036491763
14243694501031177348
4285362743130298842
14556515354761603651
2763625449685179628
6757972168428450518
5500670004707600901
15431876457835316430
7007401915656076612
3569877316524301325
2802208497180783984
3612531178390437011
10834817455411403344
13137756413038197792
11732013582640320872
9433791882206295262
11492079678672784615
2035515319129499103
6008116808086378280
13546073260230593564
3300950267642968946
11308078179901292842
17699742632391536373
3413470846677580633
1616624563108046063
13000577124985768952
11661024114084746431
6758170765012002994
7110526491964314181
14402230198181052117
3855410608014864628
7450046338597978579
16877382816984471203
4775265922951249704
115854879627861273
11309004552680555987
2978962007467737586
3657973542000330934
16708362793858103105
18172110008741715156
3656050525218831632
884420049484785752
10725376389590074407
1600102222597658469
15107462041921860402
17378069730334889403
15431876457835317191
3209096621502284885
4366048224093814644
13175347505067571956
12899128773728304004
9689257996088347337
8499549939176426551
8332598293201142473
764295392481238673
8952673477769475553
12213113065920680380
2867242334339958422
6167313744222920034
11597299923301627695
12560977655168815399
8942439505290744910
14488025240592092038
6292104185625502113
8234871324068500358
4496682602609666983
12778683193828030582
12730557553846134819
2075901862815126428
9704268661625934809
7504572292833036957
18090670876888281298
7201661937852164423
10113955658740251624
16057725515193168980
12096170872257735194
3299935422291581072
11226738351572720865
5500670004707601193
9532908211147047477
1229596756259652505
5660436477251869510
17224844382012564623
13503133210408495924
5697778235249672024
3299935422291581050
13825309036073706348
5790122270819012766
9360749357971382754
2978962007467737380
11732013582640320622
16435509336683357404
879624111892024062
9689257996088346844
14772242758008629018
10580756125551239906
8522251948534839195
4997923918691593318
10330355589474000369
14420483768446932336
17478281814412318208
17014001602350545427
9453538442438845023
17707746858841882564
18399855728146122654
2187801689586963433
15695624176318167960
3693052037506592943
6167313744222920303
13492115920026661995
18090670876888281701
16106243809237106946
7110526491964313622
3441198051751798237
353178013425318225
7824665272402027765
17086011259192035194
15828676779020657214
3003646397740873555
2609109053178749250
8499549939176426598
16935663811220524817
2929727099394415084
5963931626389235201
5963931626389235050
13429394786595272631
15837752382968511053
16211717689901630207
10546157710573220340
10604488947410283444
12898280604881480302
9329424838494514836
2376554188592779214
13328360047604201199
10792796241407747469
2902877947676444832
11509593037021764816
4287961328675680151
9315354334741821092
9240572482862708731
15353889360480744280
3003646397740873078
11018008400950582689
9168516744941366604
15949199754085961477
17703960583976707329
17876014947797058133
9329424838494515102
10574263504381471799
1489170102033704735
11732013582640321229
18427270863210689372
10634233716770720972
16434078704211571526
1976876610114790337
2062469627271623199
2489932581522406889
13510208112080091552
1266165050679960951
7042317667394160179
12747375527339514550
4998395889291447567
4155723623427762511
12188377002678374768
1483934298656957236
2763625449685180216
4058512209060993818
12302743082132069031
1435566647746692901
1110687454576288024
9704268661625934052
12560977655168816058
9453538442438844418
7664252253483738237
879624111892023406
18239031271861802124
4094493577834999446
6156699538247218718
2867242334339957961
14772242758008628431
17618441132974682943
17876014947797058432
15803576860669460953
6037918867981936531
4094493577834998789
9329424838494515031
10580756125551239221
15306237117409294826
1949825975918270062
1915974190585454258
8854932134243107054
4336538887519403351
1831838234723060401
4566227454046928248
12198527883066979616
13989424451230848355
9740483187984814682
7324010978896433299
17960016289517259201
12560977655168815496
5697778235249671749
2275987738553932719
16460473192259523314
115854879627861195
11324806311975239080
683383669210987519
15393636122492657059
6750292747710476381
14965631318369745364
998139481442366112
8612338293641473430
12147777092275609
2929727099394415258
2035515319129499547
11445579038801775790
15393636122492657583
13394549801702450202
4353951155238936358
8332598293201141788
3003646397740873524
2609109053178748938
15236390951618303684
4353951155238935681
14144933378192263565
4064619302191752091
11587064906517904715
15949199754085960998
8136346792353427239
17463111482192419226
2280540724120317933
2187801689586963135
1783760746479448106
12682437989674471956
7596047022701304993
7243473914516305159
13137756413038198354
4158030128591174658
1056052680808662829
696992770111196070
8445292733457254487
11166046001465653323
18064656845649882200
10161608525401092631
11688439679967496885
687611313273876581
8352838749809387139
15972941338120674236
9234002964029473419
11181935105880449897
10777869667146618575
9817540548907324037
12501760670361666242
5528419668546479852
10161608525401092128
6437488474373897087
5708738475204982156
9269339764328830376
12875203232304797165
3438616558314854683
6368660771051325009
13370843764418413567
5427666886597833920
7441755121327441591
964817788591706408
5713987524445464206
15835777493038744894
6380567453507367559
4353951155238936078
11661024114084746327
15379989774816017590
16460473192259523532
10161608525401092406
17215099677142666852
2163211953535025674
4287961328675679979
9689257996088347481
6493791529312291971
15805593271000341130
6032471612314067447
2323614036343950735
3294983006198568511
2026699180914498865
2146298514449193232
13347278976629867277
11509593037021765296
9329424838494514258
7661777901300998276
15782177007939755097
17131494233817764412
3968173800187474410
10120560292807644153
964817788591706785
1657754054562893628
13244475809117260197
13066906530050452885
934681647250032593
8312635011918670606
11335576593207611099
11073536661669279310
17093545156285439626
15374111306754801243
7053897136968018480
4492835743362371258
12747375527339513879
7779720056587094387
2710988213135572989
12188377002678374878
8312635011918670608
2146298514449193026
3667146868976884955
9901123869450341703
14040557353419764030
16007197707644402370
7455873367987437121
1959636259481116108
7387766585914319122
8139587433535734978
8168338711406168366
15727419409706452549
11421767267099705648
8045703991913386840
4350180641682379605
12724803469584132639
14167583237796128013
8764427381261820076
3449036407292264438
3438616558314854437
5804590078046654125
164195516877775105
13695325460708443701
2154063967279212568
15035322979332302330
3723458773742323864
2283680539440606744
10534700274052901581
9132247127494301278
7661777901300998757
724215594824515153
9700849793923608725
16990894306894923892
16001373119145324289
6092845143499422105
9816211840908387797
16828841930378156572
2708306196919114246
10777869667146618774
5788074176243312249
17440548469397981855
13989424451230848134
16526888334420949753
195038038219883057
8629885657957472609
9689257996088347174
7652525741280612089
16990894306894924463
12174724847502505062
7779720056587094498
12560977655168815811
13244475809117260264
6281778895401012901
9932134702625495846
4738625108015778198
9525992122502543159
10534700274052900871
5024644180484836890
6368660771051325270
5561342225870180117
4165437750632661816
2275987738553932206
10087589328733246523
17707746858841882500
4114980965118107845
1949825975918269726
7243473914516305735
10859451354364086725
3959910711911346861
14167583237796128618
14556515354761603328
863691076560717870
14420483768446932077
592761826075949005
1088194183882229233
11308078179901293177
15936563895023735714
10574263504381471875
4030339879179903622
14879492478520206768
2199379602640070421
13431012780305772829
6092845143499422561
17463111482192419065
17988901801545224070
13639715129775136331
14200549223399473715
11257028385810647615
226741029115131606
5804590078046653958
7236508798927097939
11456070790023676547
12959096820751002367
1110687454576288693
15615463158688329376
9974588481489941103
15786008509391506231
12513234991873310212
5713987524445463814
3547706003970349214
10035410144592058818
13505652196574973235
9181074770837898805
934681647250032366
16554504518500000710
15108016777271597652
9983453209365744551
10354855348737042528
9532908211147047158
17463111482192418957
10073204604088374112
11374231154973349461
6428610312643178288
10694665485141864927
4114980965118107789
2278189110931822574
3667146868976885491
14921968835778187771
8444482909124910491
6315100927675189697
6800619778990056282
1552924876307977978
18064656845649882140
8815280963545317311
15610532551567723152
4350180641682378860
16605102528400000650
3725016294294248417
2629055770552535212
7236508798927098220
16565435627472926036
11473755570088502528
16129531714941575493
10792796241407747878
2278189110931822170
6708684914220236110
13734267106887755338
7687345863545442238
17728314271248074322
14402230198181051776
15164614175916827025
11587064906517904591
10594311127635351061
6788126335722819569
590815529414720663
15476215591980203060
14420483768446932968
4094493577834998869
61366512909592255
14063228591759872271
9810259841568805052
16647141662414076453
6428610312643177559
2154063967279213431
4930118767668294377
2763625449685180394
16804107671720075990
12959096820751001723
10087589328733246912
10808098122177776204
2629055770552535729
12174724847502505959
9132247127494300885
9164602681518048583
6437488474373896692
17084289904284403877
12670878821020963527
14190337781367127053
3564858710228384496
6167313744222920042
2154063967279213220
16570827095731605684
8456038553554230671
2004679885160002562
16712867575748611635
4366048224093814431
15050377768015126021
4520683105972035707
9525992122502542492
5484971064714287438
14781769274861764995
6750292747710477079
8139587433535734880
5963931626389235095
10035410144592058891
17215099677142666967
1421971125767312774
4816710772639013241
8136896964854130733
8310291465447949728
10592408126635417777
6612086145434935798
2158128302400490928
17363714889374527979
10546157710573220637
14063474465993394696
8998657204742613220
11661024114084747220
8444482909124910996
2565074559999639412
2611085960279911575
6092845143499422531
14636444713417200714
13681948625877555642
3811323086726360853
916290513042669914
7671796300387165308
16808337973743810155
9700849793923609452
3612531178390437823
16446548079996872484
9449470977405392568
11945570093700174038
1569817192738500443
922312694629187471
2049892065391000424
16980479017521285993
15078430467059185857
17478281814412317965
12959096820751002223
