64 268435456 256 1
16909531839614210464
6340502532186084025
6340502532186083937
6340502532186084027
7981638728711642092
7981638728711641970
16909531839614210529
7981638728711642014
16909531839614210374
15945481063908518498
13073996867678616424
11317035243546998012
13073996867678616455
10033622014126122544
13073996867678616430
13073996867678616340
7981638728711641906
10033622014126122597
13383137291363635620
10033622014126122679
7981638728711642006
13383137291363635496
7013066118143966538
16298102430477145511
10033622014126122661
13073996867678616373
7013066118143966537
10565680688663554135
15553794573281672758
6980573485757997817
14432600428117961518
7013066118143966469
2691937559650520197
9987329794066908342
17705680880656679661
16946785341285477473
16883154920701072987
6290640996709380821
6340502532186084041
4464740869941102379
7981638728711641980
4464740869941102468
2138807422929183192
16810745297520892160
10565680688663554136
3724975858607605966
7013066118143966677
11081480000047073380
11725813001374685765
16883154920701072989
6735579345164411462
14328464812453387986
16883154920701073034
7537916960265195432
15430131604185237449
11725813001374685756
6735579345164411434
12103787672988582620
15553794573281672723
14328464812453387811
16925320637337863241
17705680880656679643
2691937559650520170
13073996867678616396
12958817772836635445
15945481063908518463
7981638728711641992
7537916960265195505
15430131604185237385
7618706074520419454
15677379157669678632
6735579345164411446
6735579345164411493
5268179177783426361
3724975858607605834
3911851286398398842
10565680688663554187
16810745297520892375
13681316608075842791
15882406377842754257
13602636243100103995
13681316608075842759
17316305726987505421
10033622014126122600
16909531839614210471
9987329794066908324
4464740869941102403
16810745297520892330
5268179177783426403
7013066118143966507
7537916960265195302
10840934064378109310
16883154920701072980
6340502532186084016
12958817772836635407
4798922534389402817
16925320637337863268
8468456683940404380
16298102430477145373
6340502532186083997
12103787672988582555
8468456683940404360
7499956144641591969
9987329794066908249
16298102430477145346
16905231811237666018
17446319890586446394
10964702960964034624
7740847744136959489
14432600428117961640
10514729014998123131
2691937559650520204
6777927186389925600
15882406377842754281
15945481063908518408
6290640996709380765
13522629178671851356
1701597488016272975
9285656610109854303
17705680880656679438
8468456683940404403
15901059891974507816
17316305726987505636
12568960554315584548
13522629178671851376
9635012618676100840
9635012618676100852
15814054927103510834
4798922534389402728
8691336379903718730
7499956144641591877
17164364054134368778
5647996265319158529
15553794573281672815
7074859565501477718
2910212271589092193
16905231811237665970
9603791159031556712
6980573485757997733
10840934064378109350
11202472687045139218
5647996265319158743
12344163621217485605
5371622124839930383
16909531839614210417
7618706074520419450
5268179177783426371
3646786305700886167
15677379157669678693
2865661179827231566
12103787672988582568
7537916960265195479
9922183315741709710
11081480000047073294
16905231811237666034
17750227526120518304
17302795662668433100
16298102430477145461
4177214533089905678
2768502943733827901
14834268837236449576
7740847744136959677
14834268837236449645
11186499302879372837
8691336379903718856
6621806204427053304
6290640996709380818
7800531692912599554
17302795662668433099
10565680688663554241
820696856199517314
9111688909614580140
7198407648542409006
10840934064378109315
820696856199517299
7740847744136959561
16883154920701073020
5729388327723177949
7800531692912599770
11167919878312205874
12958817772836635489
6232350266372268114
7498122356975717297
15945481063908518401
4808273081918667598
3858621614272187832
10565680688663554126
10033622014126122496
9808357459895388885
6777927186389925417
2813041106556783595
12958817772836635646
15553794573281672834
11081480000047073433
17862546308142936103
17750227526120518234
6980573485757997807
11019122152761910576
14244848488024344871
15454366737743502609
7198407648542409002
11202472687045139312
4759486808625158526
11081480000047073361
16946785341285477452
8691336379903718881
10514729014998123146
12454314958556803395
6290640996709380822
7800531692912599552
11596324360749103594
6777927186389925524
2057519607151028609
12344163621217485816
9205304294251053768
17164364054134368901
5729388327723177750
3911851286398398864
14380429727467395188
6340502532186083926
3522366372552712258
2138807422929183191
733978529850324964
8707157733755537459
11186499302879372928
3724975858607605843
11596324360749103419
12958817772836635472
8248311979105015905
6777927186389925401
10514729014998123261
10399824424401800811
15677379157669678757
950556437783722136
6340502532186084040
11240640516485648919
8149725055215934880
4693272586934835764
7012380436618512514
15882406377842754171
7074859565501477662
5877004104926526166
4693272586934835886
9857405126577528946
14244848488024344881
8944433056350014966
14244848488024344955
16925320637337863282
6232350266372268234
8931875569990003240
3911851286398398756
12958817772836635469
8837388085279132013
6621806204427053271
14831265269125424286
10589157654903792290
11497301461240959498
16810745297520892223
14380429727467395247
11880456945377799708
15430131604185237382
17760423976729728235
7093542458331046506
799773288030027682
14831265269125424354
12476593866153903727
949340379556859381
14793241316745388560
16298102430477145351
4662357063216277873
11317035243546997836
6777927186389925497
733978529850324914
9635012618676100800
11081480000047073438
7666162529734624886
572343732462770942
11383937593438802599
12278426985044307321
16712013940801708746
5647996265319158630
9382486374738356
4171538647133120082
8308545550162456365
7012380436618512407
7537916960265195363
16810745297520892299
17446319890586446410
15553794573281672836
16554643343998824566
10514729014998123242
6621059722832751423
16298102430477145389
14328464812453387953
18277987648374405538
17596026456324055139
6621059722832751523
18430256733227661321
9808357459895388769
10565680688663554231
14887817517703029772
11596324360749103597
18277987648374405593
9922183315741709793
14678016041708492905
14887817517703029937
4974886180084776000
9382486374738243
9922183315741709584
4177214533089905853
16288066262473772308
3799023065693724938
11333843794196482626
17446319890586446365
572343732462770710
12476593866153903746
14831265269125424359
7800531692912599604
13052268211246963502
16415124005103206433
3969614118316198687
6950758437217008822
16925320637337863308
769300288891994537
179841944869500674
1054655937480211659
10162375796589863696
17760423976729728104
14834268837236449764
15677379157669678611
8912897864423667341
11167919878312206015
6714597794803142498
12546972612636823661
9496483648051368695
11276437983781318047
733978529850324789
11019122152761910552
6791048460970713725
769300288891994370
6710909418502022853
9111688909614580186
9364506123042766480
10589157654903792240
2138807422929183009
15553794573281672817
14793241316745388740
16066250755736847763
16502175229587182916
2872087626026455168
3355544467884122022
16909531839614210335
1515729146067484254
17596026456324055235
10023513399814434675
18414756522970183487
10514729014998123059
11276437983781317995
7008437714051563789
13522629178671851323
11167919878312206064
8649270625100719111
16298102430477145487
820696856199517318
7666162529734624987
17760423976729728115
179841944869500905
3339722280908506891
8147928600241840791
12346603074470632448
10565680688663554212
10905140205387029022
9808357459895388924
16554042557953550293
14793241316745388765
15011084027274672062
3799023065693725161
7177677493455438031
16273733178017873916
3969614118316198764
7074859565501477847
1560021674626494510
14627081119020821090
3522366372552712286
16298102430477145441
9603791159031556714
16909531839614210419
1992901317235993975
12787283729935971237
3199963978161183736
17397947129103164458
7498122356975717327
5971419968122619726
12278426985044307389
16883154920701072936
386205323225581368
13073996867678616556
10162375796589863916
11162143608266931580
2768502943733827947
7198407648542409196
14834268837236449755
14380429727467395142
14887817517703029995
9603791159031556719
3724975858607606012
3339722280908506941
10162375796589863781
3187761522882235389
12953035046475685695
9857405126577529078
15702726123647568687
13578621836886397924
18430256733227661524
6710909418502022895
9987329794066908372
15169126228696795723
6777927186389925495
14380429727467395285
16406128225283075164
2813041106556783464
10964702960964034715
2871767217401815375
9987329794066908296
7981638728711642089
3690291948285707237
7498122356975717155
10665366628162295220
7498122356975717194
1394617467738198112
2325604577923034077
5647996265319158607
5374958361738744561
14372751894789204029
14219043644191776104
428134314864580286
8997860505136113101
16414164377521397396
16968634965602149125
3969614118316198662
12346603074470632569
14328464812453387797
10905140205387029106
96276594757090944
12103787672988582515
15454366737743502645
9205304294251053629
12953035046475685871
12787283729935971105
3799023065693725095
950556437783722191
12344163621217485806
10805847671276939874
1946943738728152268
15945481063908518588
15353350722208928815
3738098866880841342
7716732762142760512
96276594757090842
11893341313351891490
3522366372552712278
15499193885583757168
16298102430477145434
11162143608266931538
4535497913063928302
5073730026256097074
3339722280908507098
1832978039923427159
1394617467738198053
2666669497412116937
3858621614272187657
1580368954432292907
2722166264988112035
9399175764861981869
6501793290881949835
7863447745388113944
12758476736398450454
12864944848629544048
8468456683940404243
18211850556221885811
10305900450657336018
6658978621835320125
16810745297520892316
11581715726219966699
9482776228599197847
733978529850324881
1643386605003521641
1855930579831371357
4798922534389402834
2827353053093065098
17862546308142936126
12897070193901749833
14244848488024345048
5932978375516784695
17593453157890749987
10665366628162295041
1321550774166702310
6621059722832751380
2872087626026455231
2198193572076536668
9515990840554733223
4238149013461520722
6980573485757997614
8248311979105015878
13846483551187962801
3333286321948922654
8098032286339378252
12082970027643104351
4708174393442516572
6111121098431716388
8645541561850084415
1859780325210238553
14678016041708492833
18414756522970183550
16608973560680694749
2768502943733827870
14678016041708493021
15454366737743502615
17973823655625545268
15346854298564366997
17750227526120518238
3221937267633247254
2862051257898886957
7093542458331046525
13681316608075842705
16362065146387143968
2057519607151028588
12864944848629544073
7530723811540639575
733978529850324747
2255763972929248358
10596077202915327272
3402078025846268208
11276437983781317894
8012823765327245530
10570631677053156628
11900487602303901048
13681316608075842800
1323993756186376136
6273571317831354190
5932978375516784839
10355443435882782033
2230823763190033825
12476593866153903794
6551242489451394133
7537916960265195272
9163153926257439404
5649193476037316286
16463038585071260883
6437047734950497471
12131268765102938998
17003581544508870986
820696856199517248
10905140205387028998
261956950868606647
17596026456324055233
17862546308142936131
2147267154053438583
6777927186389925376
10033622014126122548
12636466242355094813
6676151183668720149
9987329794066908344
11019122152761910752
6853343183975778724
10787405822083219934
172263902213692016
16055794136527445973
7111045636870616538
17787879912404826697
6273571317831354295
17593453157890749960
2795004772058372889
6437979762770387228
3596696139903131876
4216147835830223897
7265979886703541365
7499956144641591816
13383137291363635637
5371622124839930503
4177214533089905765
631373142954610324
18210106587528537322
7537916960265195386
13464718532432363990
1560021674626494525
12069380904291642988
18088880341664927747
17316305726987505547
16288066262473772296
17760423976729728044
15476952626116136766
11880456945377799745
7074859565501477837
2170612628387290953
16395434864070643120
15359292906243537562
17997613091182104028
7537916960265195433
14995411311355812397
5164163512988832556
16554643343998824485
1701597488016273009
5638374915993974920
13542636105211738798
12477181778811059947
7618706074520419358
13273913082174516249
997777716471113455
4428659223097226063
12168245054289737610
6507875208490363040
13052268211246963492
4029762383766721637
18430256733227661503
1383071333758027545
8248311979105015825
932674163804171206
9111688909614579971
10230979412042665366
3738098866880841468
5971419968122619711
14831265269125424220
3501026279722164233
17446319890586446551
4808273081918667639
1288350731543952184
13522629178671851471
334663719111156267
10470464093740840368
7537916960265195328
334663719111156470
7587850272489473678
17018266578545601252
5581194991551552018
9355966826197715296
17110881999880151448
2827353053093065208
3463865726402025449
13073996867678616454
6441922683538812633
15553794573281672866
6853343183975778808
1859780325210238549
8946454043885469819
15180669807218132059
73838292132215113
11766568570935526009
6111121098431716492
5555523615118524609
16554643343998824610
5880982793494827810
10076780236315226914
14432600428117961701
10355443435882782048
15430131604185237500
7666162529734624962
17997613091182103927
4564192421699109229
14328464812453387958
4974886180084776151
4908265924344139380
11162143608266931585
3596696139903131721
799773288030027775
15697418377217507520
8916565700327419775
3501026279722164315
14583942604261262633
5880982793494827910
6552538903189836893
2871975107972503786
261956950868606595
6935028582461948784
1266742445357284795
15499193885583757144
8649270625100719303
16850657887502195546
5932978375516784845
13273913082174516478
1288350731543952164
16395434864070643132
3967509195534212754
8098032286339378205
15948577549405940939
8691336379903718782
5923648249428592348
14735365751510817026
8916565700327419689
5262811554727395168
997777716471113399
4262942446799403602
15523835820736940172
12278426985044307299
5729388327723177798
18163631961674058008
9571342591153465503
3037743554661214887
7025664719487157704
6658978621835320184
6980573485757997583
7788408891718398961
1855930579831371446
10964702960964034757
5880982793494827895
11769265613890613415
15540382073580974661
11880456945377799726
240231474878470044
4216147835830223981
14219043644191776204
2477897559796247948
16909531839614210395
9139196861592983180
8029370907100779421
6935028582461948880
1266742445357284722
3339722280908507090
17302795662668432936
7716732762142760534
932674163804171052
384823976820956780
1515729146067484177
13934643061841203868
7740847744136959590
11019122152761910560
3259659277986343025
713094348518112080
8366765465559102838
6210220977022599954
10150573823258631548
8468456683940404395
14583942604261262782
4693272586934835916
15882406377842754134
12787283729935971115
6400306758597287855
414412985057372290
3595511368244804095
7366488358225917792
2157400468973103756
4560637734575519988
1995047934491423930
13522629178671851302
2768502943733828011
290415863682883166
7202769471790617965
17205346454210187046
6844697926499953596
12795114189775558798
4798922534389402763
4663091102773062844
17862546308142936167
3938378759861491298
9672667116243464892
1968247529663340396
9496483648051368660
13602636243100104043
735055347126684442
2871767217401815373
6507875208490362975
4064436183873841386
2960057156558725002
10953410979420540584
18088880341664927914
12305088736166707079
18211850556221885717
6932357886650750429
8863031454528669167
735055347126684542
17814827460986068560
7907113435342459593
5729388327723177829
14583942604261262777
1859780325210238703
15769195711693442023
4238149013461520740
1804645428667987086
16965873322177110541
7462100496246354655
10819550196598367783
13034747283020220036
6744716906575113570
217224244528513627
2147267154053438690
13383137291363635538
16147069778306165382
14887817517703029937
8770809227754398656
6012388099159992481
1134313772513514592
2154506318908511110
6676893464933727814
7454775869539388273
3501026279722164447
10278088752042586258
5647996265319158763
8827955952523032558
12795114189775558671
6560744121045339887
14219043644191776003
11186499302879372978
3586049852085873023
7177677493455437946
2813041106556783395
1946943738728152151
179841944869500715
16712013940801708558
16883154920701072960
16273733178017873861
1855930579831371277
4064436183873841203
15600308415200988669
15908327560231653959
5625566005453462785
15814054927103510893
9382274526919851408
5877004104926526120
8984458412788973516
13934643061841203893
10355443435882782128
11880456945377799911
12454314958556803484
13464718532432363985
15074451771076625971
16608973560680694539
7654950968950191501
13073996867678616404
7806561497988040999
9506084877452059342
5647996265319158725
4798922534389402813
11893341313351891479
13034747283020220098
17019191253951630909
8827955952523032324
3484149579736510222
10150573823258631617
16254311011218853357
15901059891974508002
8029370907100779462
10838206257122541814
4365478948660912486
15702726123647568741
12222992337482778384
4438438352890573731
15169126228696795714
8845652934006988650
6158678208907335237
17019191253951630917
8359421194940866697
9355966826197715446
14735365751510817182
9987329794066908251
202791772375102882
7587850272489473576
202791772375102827
16946785341285477591
9987329794066908330
3484149579736510441
11761970172331835405
17862546308142936238
17760423976729728113
8952140227244210012
5610230911494661640
11526945932350381586
7140665961662631701
5610230911494661791
3620954785104644869
1257016636501950320
12477181778811059859
11122247491774178658
14380429727467395308
12454314958556803439
6669543944074325574
3799023065693725155
6744716906575113534
6601145424668479355
17547018214061334282
11663043801297093072
10162375796589863891
3940455986165660587
1134313772513514559
1643386605003521625
9767879127508809336
3164600750513589288
7716732762142760668
2359993955550025391
5647996265319158652
14219043644191776255
2963760520860052569
2657206075369595808
14151160056404295255
12476593866153903856
4059179060592542275
16204966167905336751
4424593348447500744
7401120123163011723
4663091102773062874
6676151183668720282
2255763972929248407
406457837167241544
1257016636501950236
10162375796589863875
16273733178017873896
2827353053093065045
7378361854372511047
735055347126684433
11769265613890613342
9818995252403798861
5569894526321401605
16717053891429360867
13273913082174516435
428134314864580154
14834268837236449679
13073996867678616383
7758084597244169687
1323993756186376079
14743226199696893497
16414164377521397474
9922183315741709777
15948485386731720659
18110401757966274521
2862051257898886964
2438743798755106499
896399493871120980
2284271695394838134
15119399218662877295
17032447943964408014
5625566005453462903
17858694628397037001
2359993955550025400
9751398759662482138
1011633581252768116
12568960554315584592
7513189421490725346
5262811554727395293
55957285148528818
6865446342319236705
16944403301199167296
12535570230683460573
11581715726219966718
1239961731784141889
6507875208490362895
2768187785216480839
11317035243546997950
7788408891718398887
11596324360749103370
9603791159031556858
14507833622163629223
5170660005683251441
7173270457922014348
7355070894410671900
16406128225283075189
17593453157890750143
11900487602303901017
2178618457771093759
14941062154665412066
4901608195189683297
12795114189775558680
10150573823258631659
10902535331841892645
11663043801297093043
7981638728711641909
16288066262473772401
14828465649651069892
8931875569990003357
810984134854428071
17221181609327802115
6258680254532748429
15767510765497880321
7788408891718398788
997777716471113412
3236044780959526877
6714597794803142515
8286976564424546264
16968634965602149121
17316305726987505543
5358737119145123823
1257016636501950379
13688623623394703482
15901059891974507864
17973823655625545450
1515729146067484393
6680243020822067101
13681316608075842680
1643386605003521743
1643386605003521786
17676296937670190169
11019122152761910657
358849038439348586
15499193885583757192
14536875134597164647
16925320637337863230
6600512228006802732
4139430504579144031
2795004772058373076
6258680254532748318
10874333168668059697
1040226601125415363
