64 268435456 16384 64
4303034149135253431
4303034149135253312
7009378562325377084
10027995634530807159
10027995634530807133
10027995634530807097
10027995634530807226
14267178287961588546
10027995634530807224
6335560473431035290
7009378562325377248
14267178287961588661
14267178287961588595
14267178287961588598
13680257917483336899
14267178287961588697
7009378562325377140
7892734674414590128
7009378562325377246
10027995634530807099
7772534811227838523
18194230496003598856
3313471894061002773
18194230496003599003
16607114743369897707
1642899346112961771
4259751241257403345
6335560473431035157
7009378562325377073
15984594828395432102
7009378562325377026
15574273020105079924
10914300925076662728
14267178287961588689
2576257514089950662
16069475134284196373
10027995634530807138
10027995634530807128
4967533592171540907
6670904512560561725
7563239333285086759
18194230496003598944
7772534811227838572
8392229957048197114
10168401793972293627
8702132615802109490
13680257917483336952
10027995634530807152
15984594828395432103
10433232793339215360
10433232793339215394
4259751241257403324
9444384603435675888
302430807135113279
7892734674414590116
1642899346112961717
9444384603435675859
14322353457335510941
13680257917483336849
11695951828999980700
7892734674414590132
7892734674414590045
10914300925076662682
4967533592171540799
13032431308544910869
18194230496003599089
7892734674414590192
7892734674414589991
16607114743369897520
7772534811227838540
18341492336990772015
14322353457335510805
9035281891499088417
2602936502927893852
14587817782708045858
14267178287961588598
11695951828999980767
3313471894061002867
11901693884541916499
12230446790858411472
11695951828999980610
4259751241257403342
9035281891499088462
12230446790858411493
1642899346112961713
10027995634530807111
1888182896157927936
1888182896157928113
10168401793972293510
3093218780878876074
13032431308544910944
8392229957048196877
1888182896157928057
16197802588739401867
16069475134284196531
4090873299550288838
8392229957048196996
9494687895447646771
7892734674414590205
2576257514089950571
6284224130893306044
14033434503150235486
11422758852761698600
7544402902977907489
6670904512560561665
5640317401715972668
15840032657489757
7892734674414590013
4090873299550288750
18194230496003598882
6027952579629687977
6713550660452998890
8165377163212060545
7772534811227838584
1832330680549415732
7946743847279741334
4180238763104616647
15668178939865486953
8392229957048196955
4180238763104616573
4090873299550288862
9433236078852235587
1051102412964650260
3313471894061002961
2576257514089950504
4495232242717148498
14033434503150235638
15612231125195950431
15984594828395431968
12230446790858411308
16197802588739401968
4647978396585606671
6335560473431035172
4384108959895746173
13003074376469217568
18214037538938005871
9433236078852235595
749611923321887426
8392229957048197067
3846296980695159913
14267178287961588722
11695951828999980713
1759835468663470515
14267178287961588702
7544402902977907697
18194230496003598936
6736350209433438199
4180238763104616557
6858656109913726804
5547826057728946673
17530170392250699953
9304421008762304989
4413868142890080024
7892734674414590028
7772534811227838621
5782992999149800432
2576257514089950483
2221877308431078258
1284788584919707018
6980812552955970982
13585951285212769214
10591346302451480200
15381279105413029775
7544402902977907688
867188499751726255
8508647836631643963
10168401793972293596
6785245064678309599
6022860202194349179
14843304338939937725
17530170392250699835
2576257514089950567
302430807135113231
10201966908702622341
6940376478784759783
4715445675746361970
10027995634530807201
6478518273005723296
13008940059876937440
9134627820979805870
10201966908702622289
4259751241257403137
18341492336990771970
15612231125195950553
7009378562325377270
7645066448388031734
6670904512560561844
9444384603435675824
13008940059876937257
7028826358930643275
6335560473431035308
17812336131776162245
1642899346112961678
11710320037470928603
8153485136198728341
6670904512560561710
10027995634530807076
7544402902977907467
5094109826114059773
7645066448388031535
6478518273005723310
18304749858173490325
14587817782708045966
6902971755449980247
5640317401715972776
6736350209433438108
749611923321887460
11422758852761698565
16197802588739401750
2221877308431078238
14267178287961588696
3805554912008950551
14790767509828995991
16676899976645123164
6027952579629688000
1902131423637539271
15547813503849985420
2917179049265181772
10958488160214462460
18341492336990771986
5782992999149800357
8194861456225358638
5824671484945527460
575119670722016945
7794174231720609766
18304749858173490225
12202217111598852557
18214037538938005778
5640317401715972672
4868977324144904502
5829256281603712199
14866532209639252350
13585951285212769214
14033434503150235456
1910607520377458972
4647978396585606775
6335560473431035274
10168401793972293453
1888272184421159288
10027995634530807212
4715445675746361972
2576257514089950599
15840032657489895
6713550660452998667
5782992999149800377
6721561617400689954
867188499751726087
6335560473431035370
7019606050048242930
11710320037470928615
5702227087331577736
1902131423637539087
15890076890604406422
9607399227796765137
2353777219839141356
10074288945831768349
12481215967208713023
4303034149135253287
1051102412964650451
10194100680492375833
9304421008762304835
14021830002980462404
17840486784469346095
5301440945014872055
14021830002980462535
5782992999149800282
1051102412964650450
14866532209639252374
9558892250772974216
3846296980695160028
7453072072775638404
1245757379031783767
10027995634530807114
2269291674285803166
9444384603435675780
10086412968558955753
5547826057728946562
6930553861191422193
6654886676088464864
11695951828999980702
6335560473431035296
9607399227796765151
14033434503150235540
4647978396585606864
6641599961375625758
10695355159376784954
15665693277750064360
9644963088739550473
16770651463171365326
10116151193354586555
7544402902977907553
17807666799386405228
15665693277750064167
16853246958841696923
8392229957048196972
13008940059876937438
7563239333285086814
10065609319005978282
7892734674414590152
10914300925076662767
13003074376469217739
17353756799643536712
1219557003428767972
6641599961375625955
6740435667797297144
12334092962961517925
6785245064678309563
4403716323764206629
4944253189126259101
8155705236719412291
6422513236298490957
9813633462229742561
16607114743369897543
16069475134284196402
14322353457335511022
15890076890604406352
13353545918753896556
16526550565135610652
2842954277879838292
536681225397450946
1715380879368997008
15748411344727365006
3819602993898162500
2300097038710757779
16504770003865090633
14040777780981101587
11733095940523352392
14925899801818813874
13353545918753896643
2269291674285803053
8155705236719412253
18214037538938005954
12414892274119472777
2752050887615454020
16067389068855630827
6284224130893305904
13831423083981701709
15740282613803554092
14587817782708046019
575119670722016843
9444384603435675765
3004031980209173401
18052579296709014623
1888272184421159231
62411085402702098
16504770003865090599
10449640171818907601
8165377163212060622
15048488206175022465
10591346302451480156
12076561981657736974
6670904512560561824
15890076890604406480
6980812552955970931
461322919168020585
4259751241257403250
2919565874507535770
17201911500175271534
10218259677461192295
13032431308544911011
11786671099283917595
10201966908702622451
4761686757166744222
18132881183396093058
11901693884541916437
2221877308431078377
7769859420661244998
12076561981657737063
16284527733547267490
8155705236719412455
16676899976645123082
15736256604137820365
3402472474720399261
9035281891499088526
16284527733547267440
16504770003865090776
8155705236719412436
10074288945831768561
9644963088739550592
13008940059876937256
15111456435909639612
10979102623317225394
10779484805432345406
9134627820979805868
15736256604137820411
10100363818439605633
8944466393028792455
16472695620520983098
6310375450696834132
18132881183396092995
17530170392250699999
3230905014684178575
16549636130168697826
8754169568261128240
18197495589903120340
516249413702900595
8586611769067292767
18197495589903120169
2197968036103106411
14866532209639252301
10563691720997110711
1066848664548359991
6930553861191422016
12076561981657736986
2602936502927893764
5224155001045305056
2055053269443475398
16777038804665095734
6020951643256267098
9607399227796765090
7960038278053652307
13713121359690801858
7794174231720609730
650156261841864998
15612231125195950455
3629360219865700405
607318805343415556
1245757379031783716
4090873299550288724
7708912415687412148
8259379092961045949
4259751241257403294
4740074275249973684
11946304638962735243
9607399227796765038
16440356831685688261
10591346302451480118
4277222747855800975
10201966908702622424
10218259677461192420
7960038278053652334
18015571099460807775
12076561981657737022
10979102623317225246
7794174231720609641
15890076890604406432
3398726100490920259
6335560473431035232
2353777219839141334
6874909935752041958
10168401793972293623
6656153283095979309
3928932065067701284
17530170392250699972
11500235954359851726
3370699717626151169
9370579014164306378
4944253189126258957
2413695001384797468
15112419218699664179
3937663124506495711
7794174231720609730
3846296980695159910
7135489045704801877
6670904512560561702
10094014145668344735
6310375450696834212
9494687895447646765
3633678166446036880
1902131423637539324
15840990812997006925
7563239333285086760
18280046727074327966
11367753094646007518
8948715199476681248
18373811097807348641
11262387557789634392
9494687895447646760
10563691720997110682
18132881183396093155
16607114743369897546
5800930548953976459
6930553861191422083
62411085402702308
575119670722016919
1642899346112961771
7991088567251618378
9924634120386401705
4740074275249973687
17812336131776162265
8501721283572866150
9813633462229742512
9710375906638561492
3633678166446036947
10087588515555625296
17924185251020330161
18052579296709014540
6750650251205318634
9551264852934930686
536681225397450818
10958488160214462453
6022860202194349161
12699832052661039310
15685220405090365207
9924634120386401669
10695355159376785110
9664238709127343135
5640317401715972789
3821543121819841902
6284224130893305942
15481587347586260492
2842954277879838231
6541328688385810795
3819602993898162684
1257015511470562385
3937663124506495541
13032431308544911049
14596932614810546259
6688551486847187626
6284224130893305974
16777038804665095682
13773734339943601978
16770651463171365282
9433236078852235561
867188499751726189
10094014145668344672
423920559398210983
9924634120386401597
13585951285212769165
14322462334833351560
1438926512300192010
423920559398210992
575119670722016863
13032431308544911018
11422758852761698647
18280046727074328049
11422758852761698791
11578869820277180263
6736350209433438122
7019606050048242691
8521146656965546754
593656812177567150
17812336131776162256
10168401793972293598
10563691720997110587
12481215967208713121
12334092962961518001
4095668499149234258
17669093075934652181
17840486784469346204
3990704620548534533
16106506037661821380
16942646306748296042
16607114743369897494
4495232242717148659
10697937319427696442
6541328688385810826
8038438754912857441
4067950368098444068
15457635062146478886
5541453112457523493
6855147036442337395
6980812552955970877
2576257514089950608
18070325440771406135
5950523140794680351
3489978056502252188
7392825222317673187
1075486283338018228
10194100680492375926
2917179049265181711
18304749858173490250
12334092962961517903
10661927751181333467
11795136822635495121
2576257514089950568
18194230496003598908
9558892250772974215
11723539792051495960
3195515330124706562
5318886060634595376
3230905014684178631
6734916377176225204
11723539792051496032
3370699717626151181
16504770003865090570
4090873299550288763
10218259677461192251
10218259677461192387
10695355159376784951
6656153283095979291
2779747418757077404
4067950368098444227
3489978056502252239
13585951285212769209
2269291674285803260
14790767509828996024
11695951828999980790
12449307746996151440
7563239333285086917
16460977493714831077
7624854373073898839
10065609319005978209
15048488206175022476
15802643683434124811
306149717656827973
1145828678679897197
5131677471672525935
15740282613803554048
6027952579629687944
8165377163212060645
2678015037858308180
13207496615637775342
16770651463171365146
3937663124506495630
18193446147517317457
4306452903563697475
9644963088739550511
5094109826114059532
3230905014684178488
9689889824479679519
13322972024220705946
11297033657449944560
4920621949691213962
18341492336990772085
18103844914307202180
13852019218582817792
17148548496748111385
16460977493714831034
15802643683434124829
18420099294534032380
15466400630199885929
8754169568261128195
17525833133306171126
14847021091019707569
4638194761154237335
13003074376469217738
7683574909007281292
5318886060634595549
5318886060634595353
18052579296709014582
14653586263727409610
10820928838892367248
1590760417567486314
15984594828395432039
17525833133306171103
18341492336990772074
5739850393687697509
14866532209639252473
15080573271816864928
7135489045704801872
1888272184421159206
9318497996879275590
15710379761922220872
15048488206175022576
15048488206175022408
15122353604143071078
10297642085748878845
8165377163212060546
6980812552955971063
3004031980209173493
8060387365072151222
4496881796768971304
11367753094646007526
14132165587543848099
382232266047988777
2993978667150705009
6607539152690484601
6734916377176225112
4596527197193384772
867188499751726264
7186451306607078515
4548538492292176384
9845519524796126364
5051264256163058479
13430842177970473515
11795136822635495012
13032431308544910901
17312369025667195379
461322919168020612
10343276429944213345
7392825222317673126
13773734339943601987
5649907888522684332
10394053200297118971
18304749858173490414
10100363818439605557
17639161833100392573
17190027850614367808
16566995822371743071
14448656104311874265
9318497996879275742
15710379761922220831
9758927132570939274
5950523140794680451
7772534811227838476
6740435667797297079
4067950368098444198
16323327925420081486
6083999640661753806
749611923321887389
8405703401045213640
3928932065067701435
15685220405090365229
8050387164363977760
12875174925948125103
5910529835587866959
1759835468663470409
2386568824531252962
17956529776769431162
182863006110547858
15547813503849985326
13353545918753896674
11733095940523352327
10394053200297118966
4215425081393244852
5742521745388610809
6641599961375625760
17268431309006474791
8195791853931571703
12281174162912239046
11297033657449944527
5322479863941246944
6617777287129179035
1642899346112961775
14753093738303879366
16480623034052404621
11646592371875882972
14388250957547834134
13680257917483336907
4090873299550288853
669877539621498743
4879882344075237220
4596527197193384901
7769859420661245165
11850761366121453135
9710375906638561352
8259379092961045829
4952757973400261505
7777700933000136345
7607831095802001166
12414892274119472736
10563691720997110628
4647978396585606818
9201474286994475880
3990704620548534577
6607539152690484654
14925899801818813752
17530170392250700009
5009525237417299604
5543786102171450553
5877565084522389414
1888272184421159232
8155705236719412270
5829256281603712166
6670904512560561772
15112419218699664304
15054383675593678628
2197968036103106478
15757145739197064716
411720792745710420
2413695001384797635
9447194371683376639
15547813503849985483
18420099294534032190
3772911944228116244
7064865282311587239
7009378562325377251
17375762817572929630
8702132615802109694
5094109826114059711
10194100680492375839
10598937508699580155
17805898195358425238
3386019930502018508
5220093158824874808
16106506037661821307
16676899976645123077
15777738945001444117
4372647581879637399
6083999640661753793
2221877308431078343
3821543121819841934
3335560734980016907
11710320037470928476
16853246958841696830
11795136822635494983
1867427964180914109
14448656104311874121
8841461742822186342
16582559408903757478
7772534811227838529
5739850393687697501
14195769442840826621
15200916933571917344
3633678166446036791
6157078590277203159
10307238436424907363
17807666799386405242
18077612613366515994
9809500001898158266
4095668499149234223
4215425081393244901
11710320037470928435
6713550660452998816
2246830033395915805
14847021091019707476
18373811097807348595
6020951643256267263
16817242394936264302
1274984231246967719
16676899976645123115
17375762817572929550
12727260288837294426
15381279105413029665
9691527331790590059
516249413702900724
18421458317984568667
12076561981657737055
6022860202194349155
4215425081393244871
9149041516482460803
10661927751181333417
9494687895447646781
9196200026779547866
18214037538938005838
6284224130893306040
13585951285212769203
3353221448976123788
4596527197193384752
17570029669134446477
9295231881188297120
18009276482861326859
16853246958841696946
11017526914818407702
9999508470171614778
9295231881188297113
2304735459765609812
15612231125195950394
6902971755449980182
18250483980729416618
7872772222825705135
17654783678959155901
5051264256163058582
14322462334833351540
10528972265901137738
3633678166446036748
1770202459671430271
397236261759113489
10661927751181333335
6858656109913726755
6980812552955970926
14642373173804022863
4875046001909094011
4487203147394226012
6203638874575150808
2300097038710757681
1158775073190025944
5175202808676991653
3313471894061002966
14148376689173752842
1842586086085125450
15217104525208719082
5649907888522684178
12689765493244356918
2304735459765609788
1823989868331481648
2409544398796378342
17924185251020330200
15757145739197064803
8165377163212060416
17924185251020330171
18117049573678945007
9809500001898158135
14869871637470515414
4952757973400261407
7664059544811920359
11795136822635494938
8020602032546390465
7462779189935580271
17132838039680545785
18193446147517317571
2815191469784728847
8754169568261128303
15690480546355569911
1888182896157927965
10782928628256222061
6464444213814508421
14040777780981101679
16770651463171365164
2269291674285803112
11993957213601364803
11041185128767579136
14853271901584657802
8508647836631644142
15872210362559951006
10591346302451480065
17163358754358597935
1487271118667175928
15550252740378243588
9756948053289117641
15007897311455477894
15547813503849985337
5103671165016374107
13897336145546026809
6617777287129178921
8038438754912857445
1057327832663997568
9845519524796126360
3846296980695159856
18077612613366516191
1075486283338018093
4740074275249973504
4000646705819502302
8259379092961045940
3937663124506495724
13773734339943602055
11416662170014772313
8619019196324853152
10107255117322021446
4496881796768971374
12618956958815825284
14866532209639252242
11578869820277180172
10963004496562119582
7125491031477680820
17401935872995349102
1274984231246967702
5526448733615325278
9691527331790589989
16323327925420081440
7683574909007281367
12593976480398067995
5224155001045304862
7274469379603106896
4596527197193384769
17530384810372730428
6706735346194808273
16106506037661821359
6874909935752041890
593656812177567002
10297642085748878716
10194100680492376057
13999983497831571427
11516206921844159229
4029556635415743213
10212372807324171030
6223240436529850440
5526448733615325391
6617777287129178970
8926955950947555457
12727260288837294460
10661927751181333314
7274469379603106836
12230446790858411316
16526550565135610635
16480623034052404692
6607539152690484707
14101783279940596216
3821543121819841865
1823989868331481837
6422513236298491041
16582559408903757464
15381279105413029824
13773734339943602086
3102362895417036549
15840990812997006950
8349512444396274964
15653810668982163660
805894739061161818
13831423083981701656
12583377883864270344
389502897659347260
14336866654181118119
6811544812453227890
15840032657489672
2269291674285803032
16777038804665095773
13852019218582817970
17353756799643536780
18304749858173490224
7991088567251618390
4939370554427853894
16526550565135610796
16549636130168697766
13773734339943601998
7960038278053652394
4401640056534636640
8841461742822186469
4825201735253059022
13032431308544911092
4973494758732811056
13852019218582817799
18421458317984568745
8896017122559731574
16397376855447120782
17899324385255355667
8499710489416409884
7563239333285086837
9134627820979805790
8155705236719412377
4180238763104616487
7607831095802001228
8063155185981137133
8063155185981137127
9303041236335024696
14165678849258806722
1057327832663997690
397236261759113628
4253305460769248378
